170139
60618
42596
159037
38414
39472
169262
35901
17170
29657
51462
10561
16217
32610
10072
34522
24194
28677
10740
12324
10071
57723
165022
36565
17327
68695
60753
18827
147001
10504
109778
121788
37488
10877
159516
91031
18875
17800
17967
36651
66440
31940
50932
16571
37853
44981
52747
17150
40678
51282
17062
38083
43502
101248
82540
154288
35901
17170
29657
51462
10561
16217
32610
10072
34522
24194
28677
10740
12324
159516
91031
18875
17800
17967
36651
66440
31940
50932
16571
37853
44981
52747
17150
40678
51282
17062
38083
43502
101248
82540
154288
50176
30889
109957
47088
68217
137971
37049
35733
85351
62175
84349
49483
125423
10068
117786
32667
47414
91700
167105
113344
130720
16570
125466
28910
32723
72043
47401
65197
37951
80626
31939
142699
39614
18002
37243
47701
144314
37709
69040
43520
39360
92011
107373
31797
69776
51018
40932
163842
37555
130903
72408
40033
146524
177967
38849
67785
74838
86319
69986
66200
161868
75237
41672
129051
171452
57987
65064
52979
40098
116799
49835
98146
137945
56038
137890
52420
152385
29848
78726
122535
65112
66507
146517
73114
57488
68046
130755
68333
158178
174835
98917
66637
72066
51944
84897
163608
69998
164106
89385
62838
52555
57758
67887
143245
49899
39624
68798
117790
66601
68050
101236
85855
56232
99792
62341
124041
66145
44913
81128
67768
122916
97024
43612
87232
49216
65815
58288
127376
45280
126853
68269
152170
43568
69742
65340
157297
137709
154112
70396
14170
164173
47987
98404
92452
154366
57486
69022
38850
141490
10200
10002
24452
10038
28788
13500
31268
10028
31788
19074
10217
10003
18610
11002
10018
10004
45290
62266
10006
76347
19147
33755
10005
10007
64129
18682
44885
99714
36344
70254
31464
61521
17758
10800
39879
38420
23917
10962
19063
39804
62789
18153
34514
12954
53902
19529
63113
47370
36839
10200
10002
24452
10038
28788
13500
31268
10028
31788
19074
10217
10003
18610
11002
10018
10004
45290
30301
62266
10006
76347
19147
33755
10005
10007
64129
18682
44885
99714
36344
70254
31464
61521
17758
10800
39879
38420
23917
10962
19063
39804
62789
18153
34514
12954
53902
19529
63113
47370
36839
35110
82389
118347
64161
66520
17416
99715
68052
31476
29550
65213
50667
78331
88227
12577
114261
62328
118365
29192
24479
74767
33834
38376
18029
19096
30300
110652
118376
74101
127363
24415
37837
19202
31901
130430
125421
58155
31085
34456
86784
43995
127364
43157
66402
33795
49008
92081
39786
29217
136900
92125
37886
62586
17135
51708
10012
10746
11104
17162
17111
44529
48602
71509
18552
52515
47152
12993
11003
17486
10110
10061
19469
161242
19521
154222
47986
18871
16503
109905
19068
10181
10022
18173
14152
117787
14012
10609
10113
76460
10970
96372
62263
174626
17092
43208
17265
72054
21162
115977
92069
17626
82428
10111
121048
74632
140731
74565
17143
136315
17764
127398
90589
50598
37439
18318
146944
96327
82323
40133
62556
35991
27260
11092
52548
18597
11354
31307
48074
38574
16516
10253
19500
134898
36484
29146
114249
91696
72363
31911
163798
77768
40032
80629
18350
171465
19394
52757
35273
35071
10245
95541
53372
165751
125459
74003
66728
149236
62249
39708
50583
16211
113635
67374
109984
122527
37487
75006
39473
37758
107928
144330
11088
66598
18046
92064
51579
47359
58434
98484
37742
31708
83865
47407
112082
97857
32240
39479
136898
33048
99740
32478
70992
78790
37686
174903
47587
29712
121047
136868
93756
101062
173123
137952
66102
152625
135807
152680
144968
149747
104478
65113
34431
110333
71486
135874
37642
19459
151153
95873
93028
137908
155665
92067
52245
86823
118955
98438
57897
146480
39908
62560
153652
162249
41334
51082
82473
31606
13244
142384
127866
66834
108043
85633
100990
76692
125414
75426
67901
51132
119430
48227
90591
36857
75173
63017
33837
91189
114225
71769
75711
92129
42810
39892
27513
168037
36956
70434
23850
10024
34486
167657
181698
145162
17163
58072
19019
164139
44864
127459
40917
129408
93068
42117
74308
137346
52103
37869
35297
127382
140265
143932
73508
62422
37644
154285
80466
95503
163533
137921
66026
62555
130966
31479
102639
143402
34001
43151
36025
29285
33721
127395
45292
182355
119428
104816
98485
58287
32680
58280
18811
167602
143394
136835
36351
131579
78388
152656
178526
47036
83084
68196
144215
67786
70994
100206
75355
144693
109982
149248
87792
118903
122469
61706
89218
98467
52307
65090
137970
65968
89615
78780
127374
110653
54974
93654
100072
94187
72359
116254
127397
76348
66823
65674
50669
110379
33096
165791
46875
69956
79826
125473
44655
40882
86867
45979
80998
120791
82200
87314
153675
180425
36044
40035
160375
49727
38421
100643
76966
61428
168036
94195
49475
90596
179125
44898
82387
89636
86783
39471
95327
72962
56055
57899
94829
67075
37493
68437
168096
105289
11424
68060
72560
122473
137326
157795
70469
106547
50621
52744
53825
66729
82434
30780
101972
31465
77128
129095
110332
76972
53148
95877
71487
72543
171499
53037
36778
134873
62878
158631
87067
82188
102648
100610
76445
75697
106065
127865
36343
127340
62896
72357
76450
146407
91611
50580
77764
35554
68339
92068
95515
119453
85702
83960
52552
86785
65994
60526
74866
68687
34533
90834
60488
86505
39484
120160
44715
67059
154594
42792
136843
143490
91192
70000
57874
71942
119412
103760
37354
92575
81010
43500
79102
49728
107960
40108
65610
72405
118307
70122
70993
39722
95334
32666
129012
53785
36678
66817
70627
78155
32455
65093
68587
99701
167481
30791
38488
101961
68537
44343
126032
52278
91510
39895
74094
102278
83017
54678
137327
155256
77753
100205
71771
99752
40177
64994
117802
115503
82799
109960
164200
101228
92070
134982
39626
45942
76955
66471
43536
38357
132623
82830
51943
128392
91566
45715
125494
17290
72181
49725
164986
100987
83171
112079
53149
39658
181409
39393
130987
36755
125488
168030
53097
41399
76443
85659
158601
130978
74627
43205
76626
77147
87585
51510
65648
71761
47384
142333
126034
47048
62858
45107
83482
40194
40321
117861
76709
76708
123630
53751
78329
37030
89724
164125
36600
66506
156496
136899
57598
99800
57950
76456
39625
137887
51700
71449
118909
125475
41361
107961
68434
130787
138256
51306
66583
53351
87556
151241
39715
152661
83741
37942
140649
53813
101664
125443
69990
158094
65597
130843
35973
79433
54964
145151
38930
76369
78784
61506
61115
152344
28903
38451
118957
38921
95876
98149
166610
37151
66199
57968
166092
46837
52224
97631
146506
143499
160487
45695
142324
64130
52545
75597
115981
132996
42858
173884
170954
34435
39758
118968
137008
65995
52466